Dir=[0.006004725
0.006004761
0.006005482
0.006002594
0.006004464
0.006008522
0.00600353
-0.060042837
0.006004595
0.0060013
0.006002864
-0.000885404
-0.000895906
-0.000886103
-0.000885849
-0.000893817
-0.000890511
-0.00088666
-0.000891942
-0.000899945
-0.000890824
0.008906963
-0.002637813
-0.002628415
-0.002627926
-0.002636812
-0.002643222
-0.002639072
-0.002638145
-0.002646034
-0.00263777
-0.002636193
0.026371401
-0.002419699
-0.002418774
-0.002418716
-0.002414115
-0.002410034
-0.002415644
-0.002415444
-0.002410641
-0.002413796
-0.002422643
0.024159505
-0.014280394
0.05714302
-0.014286201
-0.014289764
-0.014286661
];
